00040
00046
00091
00093
00096
00101
00109
00116
00117
00123
00136
00145
00147
00154
00166
00171
00180
00191
00198
00206
00208
00209
00217
00221
00224
00230
00247
00253
00256
00272
00306
00318
00331
00335
00344
00346
00352
00353
00359
00360
00364
00367
00368
00381
00385
00393
00403
00404
00411
00438
00456
00460
00478
00480
00506
00520
00523
00536
00542
00552
00579
00592
00594
00599
00657
00662
00684
00697
00700
00703
00714
00727
00740
00746
00753
00754
00770
00784
00816
00822
00823
00824
00836
00870
00889
00890
00895
00904
00906
00910
00926
00929
00937
00947
00951
00959
00968
00971
00995
00999
